./src/test -c use-cases/test.xml -n 1000000-2000000-3000000-4000000-5000000-6000000-7000000-8000000-9000000-10000000
./src/test -c use-cases/test.xml -n 2000000-4000000-6000000-8000000-10000000-12000000-14000000-16000000-18000000-20000000
./src/test -c use-cases/test.xml -n 3000000-6000000-9000000-12000000-15000000-18000000-21000000-24000000-27000000-30000000
./src/test -c use-cases/test.xml -n 4000000-8000000-12000000-16000000-20000000-24000000-28000000-32000000-36000000-40000000
./src/test -c use-cases/test.xml -n 5000000-10000000-15000000-20000000-25000000-30000000-35000000-40000000-45000000-50000000
./src/test -c use-cases/test.xml -n 6000000-12000000-18000000-24000000-30000000-36000000-42000000-48000000-54000000-60000000
./src/test -c use-cases/test.xml -n 7000000-14000000-21000000-28000000-35000000-42000000-49000000-56000000-63000000-70000000
./src/test -c use-cases/test.xml -n 8000000-16000000-24000000-32000000-40000000-48000000-56000000-64000000-72000000-80000000
./src/test -c use-cases/test.xml -n 9000000-18000000-27000000-36000000-45000000-54000000-63000000-72000000-81000000-90000000
./src/test -c use-cases/test.xml -n 10000000-20000000-30000000-40000000-50000000-60000000-70000000-80000000-90000000-100000000