./src/test -c use-cases/test.xml -n 500000-1000000-1500000-2000000-2500000-3000000-3500000-4000000-4500000-5000000-5500000-6000000-6500000-7000000-7500000-8000000-8500000-9000000-9500000-10000000
./src/test -c use-cases/test.xml -n 1000000-2000000-3000000-4000000-5000000-6000000-7000000-8000000-9000000-10000000-11000000-12000000-13000000-14000000-15000000-16000000-17000000-18000000-19000000-20000000
./src/test -c use-cases/test.xml -n 1500000-3000000-4500000-6000000-7500000-9000000-10500000-12000000-13500000-15000000-16500000-18000000-19500000-21000000-22500000-24000000-25500000-27000000-28500000-30000000
./src/test -c use-cases/test.xml -n 2000000-4000000-6000000-8000000-10000000-12000000-14000000-16000000-18000000-20000000-22000000-24000000-26000000-28000000-30000000-32000000-34000000-36000000-38000000-40000000
./src/test -c use-cases/test.xml -n 2500000-5000000-7500000-10000000-12500000-15000000-17500000-20000000-22500000-25000000-27500000-30000000-32500000-35000000-37500000-40000000-42500000-45000000-47500000-50000000
./src/test -c use-cases/test.xml -n 3000000-6000000-9000000-12000000-15000000-18000000-21000000-24000000-27000000-30000000-33000000-36000000-39000000-42000000-45000000-48000000-51000000-54000000-57000000-60000000
./src/test -c use-cases/test.xml -n 3500000-7000000-10500000-14000000-17500000-21000000-24500000-28000000-31500000-35000000-38500000-42000000-45500000-49000000-52500000-56000000-59500000-63000000-66500000-70000000
./src/test -c use-cases/test.xml -n 4000000-8000000-12000000-16000000-20000000-24000000-28000000-32000000-36000000-40000000-44000000-48000000-52000000-56000000-60000000-64000000-68000000-72000000-76000000-80000000
./src/test -c use-cases/test.xml -n 4500000-9000000-13500000-18000000-22500000-27000000-31500000-36000000-40500000-45000000-49500000-54000000-58500000-63000000-67500000-72000000-76500000-81000000-85500000-90000000
./src/test -c use-cases/test.xml -n 5000000-10000000-15000000-20000000-25000000-30000000-35000000-40000000-45000000-50000000-55000000-60000000-65000000-70000000-75000000-80000000-85000000-90000000-95000000-100000000
