./src/test -c use-cases/test2.xml -i -n 100000-200000-300000-400000-500000-600000-700000-800000-900000-1000000
./src/test -c use-cases/test2.xml -i -n 200000-400000-600000-800000-1000000-1200000-1400000-1600000-1800000-2000000
./src/test -c use-cases/test2.xml -i -n 300000-600000-900000-1200000-1500000-1800000-2100000-2400000-2700000-3000000
./src/test -c use-cases/test2.xml -i -n 400000-800000-1200000-1600000-2000000-2400000-2800000-3200000-3600000-4000000
./src/test -c use-cases/test2.xml -i -n 500000-1000000-1500000-2000000-2500000-3000000-3500000-4000000-4500000-5000000
./src/test -c use-cases/test2.xml -i -n 600000-1200000-1800000-2400000-3000000-3600000-4200000-4800000-5400000-6000000
./src/test -c use-cases/test2.xml -i -n 700000-1400000-2100000-2800000-3500000-4200000-4900000-5600000-6300000-7000000
./src/test -c use-cases/test2.xml -i -n 800000-1600000-2400000-3200000-4000000-4800000-5600000-6400000-7200000-8000000
./src/test -c use-cases/test2.xml -i -n 900000-1800000-2700000-3600000-4500000-5400000-6300000-7200000-8100000-9000000
./src/test -c use-cases/test2.xml -i -n 1000000-2000000-3000000-4000000-5000000-6000000-7000000-8000000-9000000-10000000